CRIME ANALYSIS TABLES BY PROVINCE AND YEAR (2013-2019)
======================================================================

1. OVERALL CRIME DISTRIBUTION BY PROVINCE AND YEAR
=======================================================
Province                   2013.0  2014.0  2015.0  2016.0  2017.0  2018.0  2019.0   Total
-----------------------------------------------------------------------------------------
浙江省                        15,051  17,649  18,249  14,963  11,720   6,369   2,714  86,715
江苏省                         9,738  14,661  15,069  15,710  13,788   9,715   3,272  81,953
广西壮族自治区                     9,177  10,045  11,057  12,978   9,893   7,163   1,758  62,071
河南省                         5,513   8,635  10,007   9,861   9,020   6,638   2,714  52,388
广东省                         7,073  10,032   9,630   8,902   8,081   6,488   1,341  51,547
四川省                         5,077   7,875   9,117   9,318   9,012   6,656   2,459  49,514
湖南省                         5,224   8,644   9,134   9,221   8,264   6,094   2,519  49,100
重庆市                         3,103   5,822   6,484   7,524   6,873   4,543   1,956  36,305
上海市                         3,482   6,890   6,494   5,810   6,010   4,611   1,809  35,106
山东省                         4,896   6,509   6,134   6,005   5,219   4,153   1,317  34,233
湖北省                         3,506   5,620   6,394   6,347   5,964   4,192   1,880  33,903
福建省                         3,173   5,598   5,391   6,321   5,005   3,452   1,225  30,165
安徽省                         3,143   4,693   5,016   5,622   5,122   3,767   1,171  28,534
云南省                         2,733   5,319   5,546   5,320   4,723   3,490     807  27,938
江西省                         1,746   3,611   5,261   5,589   5,077   3,839   1,424  26,547
-----------------------------------------------------------------------------------------
Total                     109,119 161,525 170,774 172,310 148,678 108,267  36,887 907,560


2. THEFT (盗窃罪) BY PROVINCE AND YEAR
=======================================================
Province                   2013.0  2014.0  2015.0  2016.0  2017.0  2018.0  2019.0   Total
-----------------------------------------------------------------------------------------
浙江省                        11,449  13,797  14,543  11,871   9,278   4,748   2,179  67,865
江苏省                         7,201  11,254  12,080  12,526  11,056   7,827   2,823  64,767
广西壮族自治区                     6,459   7,346   8,326  10,242   7,745   5,637   1,447  47,202
河南省                         3,957   6,643   7,651   7,874   7,220   5,197   2,207  40,749
四川省                         3,606   5,691   6,585   6,861   6,842   5,046   1,939  36,570
湖南省                         3,469   6,139   6,705   6,732   6,071   4,539   1,967  35,622
广东省                         4,263   6,306   6,258   5,888   5,509   4,645   1,008  33,877
上海市                         2,594   5,649   5,461   4,922   5,253   4,118   1,705  29,702
重庆市                         2,135   4,185   4,795   5,718   5,247   3,448   1,494  27,022
湖北省                         2,435   4,173   4,783   4,838   4,617   3,260   1,450  25,556
山东省                         3,151   4,364   4,186   4,282   3,717   2,927     999  23,626
安徽省                         2,137   3,372   3,774   4,394   4,030   3,074     955  21,736
江西省                         1,240   2,691   3,952   4,301   3,935   3,006   1,221  20,346
福建省                         1,939   3,544   3,681   4,350   3,444   2,444     901  20,303
云南省                         1,765   3,709   4,019   3,874   3,525   2,598     630  20,120
-----------------------------------------------------------------------------------------
Total                      75,372 116,307 126,464 129,816 113,007  82,250  29,483 672,699


3. ROBBERY (抢劫罪) BY PROVINCE AND YEAR
=======================================================
Province                   2013.0  2014.0  2015.0  2016.0  2017.0  2018.0  2019.0   Total
-----------------------------------------------------------------------------------------
广东省                           905   1,153     861     748     569     342      46   4,624
广西壮族自治区                       800     666     619     517     335     212      30   3,179
浙江省                           837     773     661     423     256     175      44   3,169
四川省                           460     640     610     556     410     246      60   2,982
江苏省                           409     676     608     447     300     177      48   2,665
湖南省                           358     496     485     431     323     193      74   2,360
云南省                           300     490     446     352     273     183      21   2,065
河南省                           389     475     431     310     248     145      46   2,044
山东省                           373     418     385     327     190     128      32   1,853
湖北省                           310     369     401     343     235     139      36   1,833
河北省                           400     350     274     220     171     122      44   1,581
福建省                           249     380     259     258     186     101      30   1,463
贵州省                           157     294     255     279     225     173      39   1,422
黑龙江省                          182     246     284     243     217     141      29   1,342
重庆市                           186     238     251     284     229     106      31   1,325
-----------------------------------------------------------------------------------------
Total                       8,105  10,194   9,189   7,769   5,537   3,480     795  45,069


4. DRUG TRAFFICKING (贩卖毒品罪) BY PROVINCE AND YEAR
=======================================================
Province                   2013.0  2014.0  2015.0  2016.0  2017.0  2018.0  2019.0   Total
-----------------------------------------------------------------------------------------
广西壮族自治区                       414     478     499     552     506     471      87   3,007
重庆市                           215     576     533     516     517     381     251   2,989
广东省                           327     621     551     447     365     316      53   2,680
湖南省                           217     404     371     341     318     294      71   2,016
浙江省                           287     415     400     306     259     172      33   1,872
贵州省                           141     352     321     374     333     254      89   1,864
四川省                           117     225     350     338     358     324     136   1,848
湖北省                           117     239     225     223     234     229     141   1,408
江苏省                           186     330     207     265     205     175      22   1,390
甘肃省                           110     210     265     329     220     107      43   1,284
福建省                           133     259     211     292     204     129      25   1,253
云南省                            83     193     163     178     175     154      25     971
河南省                            92     124     203     130     105      88      29     771
山东省                            98     171     104      86      95      51      12     617
辽宁省                           115     124     129      96      57      63      28     612
-----------------------------------------------------------------------------------------
Total                       3,310   5,928   5,465   5,339   4,765   3,840   1,166  29,813


5. INTENTIONAL INJURY (故意伤害罪) BY PROVINCE AND YEAR
=======================================================
Province                   2013.0  2014.0  2015.0  2016.0  2017.0  2018.0  2019.0   Total
-----------------------------------------------------------------------------------------
浙江省                           439     425     369     264     213     159      36   1,905
江苏省                           227     274     279     276     217     147      16   1,436
山东省                           262     288     291     204     139      97      15   1,296
湖南省                           173     206     182     222     168      93      29   1,073
河北省                           222     221     151     128     109      90      17     938
四川省                           100     161     192     200     129     103      17     902
黑龙江省                          128     207     181     169     129      63      14     891
广东省                           188     225     164     139      97      67       9     889
广西壮族自治区                       185     149     123     125     129      91      19     821
福建省                           123     165     182     132      88      96      22     808
辽宁省                           132     162     164     124     113      76      19     790
湖北省                           126     187     154     130     109      57      10     773
云南省                           133     183     162     111      83      61       9     742
河南省                           121     175     155     135      87      58      11     742
北京市                           131     170     148      94      90      69      13     715
-----------------------------------------------------------------------------------------
Total                       3,517   4,345   4,018   3,385   2,689   1,874     373  20,201


6. VIOLENT CRIMES BY PROVINCE AND YEAR
=======================================================
Province                   2013.0  2014.0  2015.0  2016.0  2017.0  2018.0  2019.0   Total
-----------------------------------------------------------------------------------------
广东省                         1,605   1,951   1,633   1,462   1,225     778     108   8,762
浙江省                         1,966   1,889   1,747   1,279     968     646     160   8,655
广西壮族自治区                     1,524   1,359   1,340   1,239     948     538      93   7,041
江苏省                         1,110   1,482   1,393   1,278     983     579     125   6,950
四川省                           830   1,206   1,237   1,147     874     564     132   5,990
湖南省                           854   1,094   1,036   1,087     854     515     166   5,606
山东省                         1,004   1,100   1,050     862     574     410      71   5,071
河南省                           795   1,013   1,031     819     637     428     100   4,823
河北省                           921     885     723     593     510     343      89   4,064
云南省                           558     892     840     701     554     382      55   3,982
湖北省                           621     778     835     721     549     313      81   3,898
福建省                           569     857     709     667     512     316      75   3,705
黑龙江省                          412     600     610     597     501     310      55   3,085
重庆市                           383     535     573     604     487     280      64   2,926
安徽省                           511     572     575     507     383     236      69   2,853
-----------------------------------------------------------------------------------------
Total                      17,423  21,595  20,570  18,250  14,128   9,129   1,966 103,061


7. PROPERTY CRIMES BY PROVINCE AND YEAR
=======================================================
Province                   2013.0  2014.0  2015.0  2016.0  2017.0  2018.0  2019.0   Total
-----------------------------------------------------------------------------------------
浙江省                        11,750  14,133  14,909  12,158   9,491   4,871   2,203  69,515
江苏省                         7,518  11,602  12,372  12,848  11,322   8,019   2,855  66,536
广西壮族自治区                     6,770   7,679   8,580  10,462   7,903   5,746   1,465  48,605
河南省                         4,197   6,891   7,912   8,101   7,387   5,325   2,234  42,047
四川省                         3,759   5,871   6,797   7,019   7,000   5,129   1,953  37,528
湖南省                         3,648   6,339   6,908   6,926   6,244   4,634   2,000  36,699
广东省                         4,558   6,592   6,464   6,092   5,679   4,758   1,022  35,165
上海市                         2,734   5,774   5,569   5,019   5,330   4,175   1,710  30,311
重庆市                         2,241   4,287   4,929   5,847   5,352   3,532   1,505  27,693
湖北省                         2,539   4,282   4,911   4,949   4,719   3,324   1,466  26,190
山东省                         3,322   4,540   4,316   4,383   3,831   2,998   1,009  24,399
安徽省                         2,286   3,531   3,887   4,509   4,135   3,133     970  22,451
福建省                         2,088   3,787   3,881   4,563   3,579   2,514     911  21,323
江西省                         1,309   2,780   4,068   4,414   4,021   3,060   1,228  20,880
云南省                         1,831   3,805   4,096   3,961   3,582   2,631     636  20,542
-----------------------------------------------------------------------------------------
Total                      79,189 120,557 130,375 133,339 115,780  84,172  29,811 693,223


